Enter integer number of matrix rows: 7
Enter integer number of matrix columns: 7
Horizontal snake:
   1   2   3   4   5   6   7
  14  13  12  11  10   9   8
  15  16  17  18  19  20  21
  28  27  26  25  24  23  22
  29  30  31  32  33  34  35
  42  41  40  39  38  37  36
  43  44  45  46  47  48  49

Using default (order by columns) enumerator:
1 14 15 28 29 42 43 2 13 16 27 30 41 44 3 12 17 26 31 40 45 4 11 18 25 32 39 46 5 10 19 24 33 38 47 6 9 20 23 34 37 48 7 8 21 22 35 36 49

Diagonal snake (down and right):
   1   3   4  10  11  21  22
   2   5   9  12  20  23  34
   6   8  13  19  24  33  35
   7  14  18  25  32  36  43
  15  17  26  31  37  42  44
  16  27  30  38  41  45  48
  28  29  39  40  46  47  49

Diagonal snake(right and down):
   1   2   6   7  15  16  28
   3   5   8  14  17  27  29
   4   9  13  18  26  30  39
  10  12  19  25  31  38  40
  11  20  24  32  37  41  46
  21  23  33  36  42  45  47
  22  34  35  43  44  48  49

Using default (order by columns) enumerator:
1 3 4 10 11 21 22 2 5 9 12 20 23 34 6 8 13 19 24 33 35 7 14 18 25 32 36 43 15 17 26 31 37 42 44 16 27 30 38 41 45 48 28 29 39 40 46 47 49

Using horizontal snake enumerator:
1 2 6 7 15 16 28 29 27 17 14 8 5 3 4 9 13 18 26 30 39 40 38 31 25 19 12 10 11 20 24 32 37 41 46 47 45 42 36 33 23 21 22 34 35 43 44 48 49

Using diagonal snake enumerator:
1 2 3 4 5 6 7 8 9 10 11 12 13 14 15 16 17 18 19 20 21 22 23 24 25 26 27 28 29 30 31 32 33 34 35 36 37 38 39 40 41 42 43 44 45 46 47 48 49
